300008
300009
300026
300027
300031
300034
300035
300036
300039
300045
300049
300068
300075
300077
300079
300080
300083
300085
300087
300088
300100
300101
300102
300113
300119
300129
300130
300133
300134
300151
300166
300170
300171
300180
300181
300182
300183
300184
300185
300188
300224
300226
300229
300232
300236
300244
300253
300257
300260
300261
300276
300284
300294
300296
300298
300303
300315
300319
300323
300327
300337
300348
300352
300357
300360
300363
300393
300398
300401
300406
300409
300415
300416
300428
300432
300438
300443
300446
300451
300455
300456
300457
300459
300463
300468
300470
300475
300482
300492
300493
300525
300548
300568
300570
300576
300579
300580
300593
300596
300598
300602
300613
300618
300620
300624
300633
300634
300638
300641
300655
300657
300660
300663
300666
300672
300674
300678
300682
300685
300687
300693
300702
300705
300718
300723
300725
300726
300738
300747
300755
300761
300762
300768
300770
300772
300773
300775
300776
300777
300779
300783
300811
300820
300821
300827
300841
300850
300855
300856
300861
300870
300910
300913
300917
300925
300926
300953
300972
301004
301015
301029
301031
301035
301039
301047
301050
301061
301069
301071
301078
301087
301090
301091
301095
301109
301153
301155
301171
301175
301177
301205
301207
301215
301217
301219
301238
301239
301262
301268
301291
301293
301297
301316
301325
301327
301339
301363
301371
301376
301377
301381
301458
301487
301500
301508
301510
301511
301522
301526
301551
301556
301558
301565
301571
301589
301592
301600
301602
301606
301611
301622
301626
301631
600169
688001
688003
688005
688006
688007
688016
688018
688019
688029
688037
688048
688050
688062
688063
688083
688088
688091
688097
688105
688106
688107
688110
688116
688123
688127
688128
688131
688139
688141
688146
688147
688150
688165
688166
688177
688185
688190
688192
688200
688206
688208
688209
688232
688252
688262
688266
688270
688276
688279
688289
688300
688306
688321
688322
688326
688327
688331
688332
688333
688336
688337
688343
688347
688348
688351
688352
688362
688366
688372
688380
688389
688390
688400
688403
688408
688409
688432
688433
688439
688443
688484
688498
688502
688503
688515
688516
688522
688523
688536
688543
688548
688549
688556
688559
688567
688575
688584
688586
688596
688612
688629
688630
688631
688639
688652
688658
688660
688686
688690
688696
688698
688700
688709
688717
688739
688766
688776
688779
688789
688798
